町名,フリガナ,性別,総数,0歳,1歳,2歳,3歳,4歳,5歳,6歳,7歳,8歳,9歳,10歳,11歳,12歳,13歳,14歳,15歳,16歳,17歳,18歳,19歳,20歳,21歳,22歳,23歳,24歳,25歳,26歳,27歳,28歳,29歳,30歳,31歳,32歳,33歳,34歳,35歳,36歳,37歳,38歳,39歳,40歳,41歳,42歳,43歳,44歳,45歳,46歳,47歳,48歳,49歳,50歳,51歳,52歳,53歳,54歳,55歳,56歳,57歳,58歳,59歳,60歳,61歳,62歳,63歳,64歳,65歳,66歳,67歳,68歳,69歳,70歳,71歳,72歳,73歳,74歳,75歳,76歳,77歳,78歳,79歳,80歳,81歳,82歳,83歳,84歳,85歳,86歳,87歳,88歳,89歳,90歳,91歳,92歳,93歳,94歳,95歳,96歳,97歳,98歳,99歳,100歳以上
保土ケ谷区合計,ホドガヤク_ゴウケイ,男,101374,689,776,766,796,793,756,799,794,781,818,859,884,938,906,941,934,952,943,972,1008,1079,1133,1315,1261,1188,1207,1246,1185,1190,1165,1244,1226,1287,1281,1323,1338,1497,1503,1495,1548,1670,1720,1733,1793,1726,1760,1761,1703,1400,1726,1583,1559,1415,1307,1353,1284,1197,1183,1217,1127,1155,1207,1332,1385,1465,1640,1556,1494,908,969,1177,1143,1216,1072,1037,923,946,931,907,820,689,694,615,512,490,380,356,285,281,211,161,115,89,55,43,36,17,9,6,6,8
保土ケ谷区合計,ホドガヤク_ゴウケイ,女,102617,678,683,707,715,775,762,740,775,818,722,831,799,870,816,905,873,935,905,976,964,1005,984,992,1071,996,1044,1058,1002,1027,1145,1083,1114,1205,1221,1253,1260,1350,1299,1392,1501,1570,1622,1715,1662,1654,1692,1622,1633,1266,1523,1505,1385,1359,1225,1213,1211,1130,1122,1134,1107,1155,1245,1239,1351,1501,1679,1642,1625,982,1149,1388,1341,1471,1341,1308,1070,1155,1155,1159,1160,992,968,866,891,741,674,634,537,496,446,334,281,266,185,165,108,90,61,51,38,76
新井町,アライチョウ,男,3538,8,25,15,34,26,27,29,36,35,42,39,30,48,29,46,22,49,26,38,27,34,28,34,29,25,29,26,22,26,23,30,24,29,35,31,35,42,53,50,41,57,63,57,74,71,63,80,54,42,77,45,52,34,49,40,41,32,37,28,35,34,38,46,37,43,68,55,50,28,49,49,48,65,49,72,45,61,46,63,50,42,42,28,20,28,22,10,11,7,5,4,6,3,3,1,0,1,0,1,0,0
新井町,アライチョウ,女,3694,12,21,21,27,30,38,36,38,37,28,41,31,32,38,31,27,23,28,27,27,33,33,16,29,19,19,19,21,25,23,21,35,24,29,41,41,53,41,53,53,60,61,62,59,49,58,56,59,38,57,40,36,45,34,43,36,27,27,32,31,43,37,53,47,63,49,63,67,28,71,81,64,78,81,80,71,65,69,63,61,45,46,35,36,34,26,23,19,11,19,4,9,5,6,2,3,5,0,0,0,1
仏向町,ブッコウチョウ,男,5610,64,41,41,56,52,42,55,50,59,47,54,51,48,47,55,41,46,46,55,40,70,54,58,72,57,65,75,54,74,60,73,72,76,70,87,83,99,105,104,82,113,110,121,93,98,96,99,90,81,92,93,86,55,40,68,65,63,63,49,69,65,58,48,68,76,68,69,71,44,42,52,51,72,50,55,39,54,50,43,58,43,45,35,27,41,31,30,17,25,17,14,8,3,6,5,5,0,0,0,0,1
仏向町,ブッコウチョウ,女,5533,41,55,57,51,49,60,46,44,50,40,48,49,63,42,51,32,49,56,44,44,37,47,52,57,43,63,56,45,54,71,65,61,72,84,76,73,79,69,81,86,104,70,101,86,98,80,77,75,55,75,74,59,44,51,49,58,46,49,41,41,51,61,52,51,72,80,80,84,45,40,54,83,70,81,70,61,69,70,70,76,64,69,72,63,61,65,34,40,37,35,25,19,22,5,4,7,6,6,1,2,1
仏向西,ブッコウニシ,男,2107,22,11,10,22,13,23,12,11,17,18,9,22,28,16,14,20,29,23,30,38,37,40,41,37,27,32,25,20,21,6,20,27,18,13,23,21,19,28,26,22,23,17,20,33,27,29,29,29,24,38,46,41,53,46,55,45,59,49,34,26,22,25,34,22,37,29,36,17,7,14,15,18,20,22,26,11,14,18,12,6,6,17,7,13,7,11,1,4,9,6,2,4,0,0,1,0,0,0,0,0,0
仏向西,ブッコウニシ,女,2043,12,12,15,14,12,9,16,16,18,12,18,11,15,16,17,18,21,22,35,25,37,34,33,36,24,24,23,10,15,13,12,17,10,23,24,30,14,13,12,20,35,26,36,25,43,36,36,31,41,43,46,55,49,46,51,43,42,30,25,20,19,16,16,27,37,20,31,14,15,21,32,18,20,15,23,13,13,17,17,20,17,11,12,7,10,10,8,13,8,4,4,5,7,0,2,1,1,1,1,0,0
藤塚町,フジツカチョウ,男,879,9,6,6,5,4,9,8,7,7,9,11,7,3,7,8,13,7,9,9,6,9,15,13,10,6,11,14,14,16,10,15,8,13,9,6,9,10,16,12,11,15,9,19,17,15,13,10,8,10,10,12,14,10,14,14,14,11,10,15,16,11,14,15,26,8,26,18,23,12,13,7,7,6,10,6,6,1,8,7,5,1,0,2,2,3,4,1,1,1,1,0,1,0,0,0,0,0,0,0,0,0
藤塚町,フジツカチョウ,女,905,6,8,5,6,10,7,11,12,9,3,9,11,9,7,8,6,13,5,11,10,10,7,13,13,3,8,12,14,9,14,5,9,15,8,6,8,12,16,16,16,17,9,16,11,11,14,12,12,14,8,13,16,14,11,15,26,10,11,11,15,14,17,10,13,15,15,17,15,10,7,10,10,12,12,9,6,3,7,4,4,7,4,7,2,3,4,2,1,3,1,6,2,3,0,3,0,1,0,0,0,0
神戸町,ゴウドチョウ,男,909,7,9,6,6,5,7,5,4,2,6,5,3,10,7,5,4,6,7,5,11,4,9,14,16,27,27,30,15,16,22,12,13,11,18,8,12,11,21,14,11,6,19,17,21,13,12,10,9,4,10,10,16,10,5,19,5,10,13,19,13,12,17,15,10,14,7,17,6,10,9,16,7,12,7,7,5,6,6,5,4,6,1,5,2,11,6,5,1,2,2,1,0,2,1,0,0,0,0,0,0,0
神戸町,ゴウドチョウ,女,845,2,5,6,7,7,4,5,7,12,10,8,8,5,7,4,3,7,5,2,7,5,5,7,11,12,10,14,4,8,13,5,9,14,15,8,17,16,10,15,13,14,13,16,14,9,6,12,11,10,11,8,7,9,15,13,14,9,7,13,10,8,14,16,10,12,13,12,11,9,8,11,8,12,9,14,8,3,11,11,6,5,6,6,13,8,8,10,7,5,3,3,3,2,2,2,1,0,0,0,0,2
権太坂一丁目,ゴンタザカ1,男,1600,11,10,12,15,9,17,15,15,12,11,17,16,13,9,17,17,17,17,12,11,13,11,17,10,21,15,6,12,11,20,12,20,13,17,23,24,30,23,30,21,33,23,28,31,25,22,28,24,14,28,32,28,22,28,12,14,16,15,18,18,17,19,28,27,30,27,30,23,17,16,19,26,24,21,14,12,15,24,16,15,15,7,17,10,5,8,6,5,9,3,2,6,0,2,1,1,0,1,0,0,1
権太坂一丁目,ゴンタザカ1,女,1721,14,14,7,12,18,20,19,16,17,17,18,17,22,16,21,21,15,9,22,17,15,13,8,17,11,8,13,9,13,19,15,12,21,22,23,22,25,28,24,25,36,29,24,18,25,25,28,28,22,20,25,28,26,12,14,21,19,14,17,26,16,23,13,32,26,30,33,28,19,15,19,19,24,18,25,16,23,24,19,19,20,16,18,13,14,12,12,8,8,4,6,4,2,0,6,3,0,1,0,0,1
権太坂二丁目,ゴンタザカ2,男,954,2,8,7,16,14,11,14,10,12,13,12,11,17,19,12,12,13,16,11,8,12,8,4,10,7,7,4,3,11,10,8,9,12,7,17,16,13,20,26,20,21,20,23,21,16,27,16,15,17,18,18,24,19,11,13,8,6,6,8,8,8,6,11,7,13,13,12,9,6,7,6,3,8,6,6,6,2,7,8,5,5,6,2,2,6,0,2,1,1,0,1,1,0,0,0,1,0,0,0,0,0
権太坂二丁目,ゴンタザカ2,女,937,11,6,7,11,11,13,12,14,19,10,11,11,14,13,12,18,17,16,8,16,7,1,9,4,8,8,7,4,4,5,5,8,13,18,18,15,21,19,13,22,16,17,31,20,13,24,21,20,9,18,10,20,12,3,6,10,9,10,8,5,4,10,4,7,10,9,8,13,4,5,14,5,10,6,9,7,6,8,5,5,8,5,1,6,3,3,4,3,2,3,2,1,2,2,1,0,1,0,0,0,0
権太坂三丁目,ゴンタザカ3,男,1682,11,13,9,12,12,22,22,15,15,18,15,19,28,23,21,23,20,19,22,10,18,20,17,12,10,10,14,19,18,15,17,17,14,19,24,13,19,21,17,22,29,34,21,38,25,36,30,20,24,40,24,19,24,24,16,17,20,22,15,18,22,18,29,32,29,40,20,37,23,34,24,21,22,21,17,12,14,12,10,11,7,6,12,5,5,3,4,4,1,2,3,0,0,0,0,0,0,0,1,0,0
権太坂三丁目,ゴンタザカ3,女,1780,10,5,14,14,9,17,11,16,21,17,14,22,26,23,26,19,21,22,14,14,18,11,7,16,8,20,12,15,20,16,11,20,11,20,27,13,30,15,21,24,31,32,30,30,33,30,29,38,28,22,24,20,19,11,18,33,19,22,23,27,28,24,29,28,42,36,30,44,14,20,26,25,28,21,26,9,21,15,17,19,6,9,10,7,11,1,4,5,9,8,4,3,2,0,5,2,1,0,0,1,1
花見台,ハナミダイ,男,199,0,0,1,1,2,1,3,1,1,1,2,2,3,1,2,2,2,3,3,2,2,2,4,4,1,2,2,0,6,0,2,3,3,1,1,0,1,1,1,2,2,3,6,2,2,4,3,4,3,1,3,3,3,0,0,1,0,2,2,4,1,4,3,0,3,2,2,1,3,5,2,7,1,4,3,5,6,6,4,4,3,1,0,1,0,1,2,0,3,1,0,2,0,0,0,0,0,0,0,0,0
花見台,ハナミダイ,女,268,0,1,0,0,1,0,2,2,4,2,5,0,1,4,1,3,6,2,3,0,3,2,1,5,0,1,2,2,1,2,3,0,2,3,2,1,2,3,1,4,3,4,1,3,3,5,5,5,5,3,3,4,2,5,1,0,3,3,2,3,5,1,7,3,3,3,1,4,6,4,6,6,4,4,3,5,5,4,5,3,1,5,5,5,3,3,2,5,6,2,1,1,1,1,1,0,1,1,0,0,2
初音ケ丘,ハツネガオカ,男,1627,11,10,7,17,17,18,16,9,11,10,14,18,18,20,15,14,20,16,15,20,13,20,19,19,16,15,16,17,21,15,12,13,17,23,17,19,27,21,18,20,20,30,25,30,28,31,26,32,19,33,20,23,19,22,28,22,20,25,28,20,13,25,23,23,27,30,28,21,11,22,21,14,19,17,14,18,7,12,14,19,9,15,17,9,8,7,8,9,4,4,1,2,0,0,0,1,0,0,0,0,0
初音ケ丘,ハツネガオカ,女,1675,5,7,8,10,10,14,5,14,10,15,17,9,9,17,16,18,9,22,17,20,18,18,12,12,11,12,19,14,16,18,14,13,14,18,15,20,18,14,20,23,32,34,24,23,36,26,27,25,22,28,35,16,23,21,22,20,25,18,21,21,19,19,20,23,23,29,30,22,17,17,21,27,30,14,21,20,24,12,23,17,30,17,17,17,9,11,16,10,14,5,9,3,3,7,4,2,0,1,1,0,1
保土ケ谷町,ホドガヤチョウ,男,1105,14,16,15,6,16,8,5,6,2,2,8,3,5,8,6,5,2,4,4,9,10,8,12,6,17,21,26,25,29,19,17,26,17,25,18,24,20,17,17,23,21,22,23,21,14,24,14,19,10,16,22,16,13,19,15,10,18,10,9,6,8,10,10,17,20,19,13,19,10,14,10,8,11,7,9,7,3,8,4,1,6,6,6,6,10,3,2,4,4,1,2,1,1,1,1,0,0,0,0,0,0
保土ケ谷町,ホドガヤチョウ,女,997,7,8,6,8,4,5,7,5,5,6,3,5,9,1,4,7,4,6,8,11,8,8,11,9,13,12,19,20,8,20,21,12,13,20,21,18,9,11,24,20,17,19,20,17,17,16,16,14,10,20,12,15,13,9,9,14,6,12,11,6,16,12,15,14,14,15,20,17,5,6,10,11,12,5,9,6,7,8,11,10,15,7,8,3,1,9,2,5,5,9,2,4,5,1,1,1,2,3,1,0,1
 # 保土ケ谷町１丁目,ホドガヤチョウ1,男,773,10,13,15,6,13,8,4,5,1,2,5,3,2,4,2,2,1,1,4,5,5,3,10,3,13,14,23,20,25,12,14,21,13,22,14,18,16,13,16,18,16,16,21,15,8,17,13,11,10,12,17,9,9,12,10,10,13,7,2,3,4,6,7,10,11,4,8,7,4,12,8,4,7,5,6,2,3,4,3,1,3,4,1,1,7,2,0,2,2,1,0,1,1,1,1,0,0,0,0,0,0
 # 保土ケ谷町１丁目,ホドガヤチョウ1,女,668,7,4,4,7,4,5,7,3,2,2,2,5,6,1,2,3,3,4,1,5,5,4,8,6,12,8,16,12,6,14,17,11,13,17,18,14,8,9,17,13,15,16,14,12,12,12,11,11,10,14,7,11,7,5,5,7,3,7,8,4,8,9,4,9,8,7,15,12,3,6,6,8,7,2,3,4,4,3,7,5,6,4,3,2,0,4,1,3,2,2,1,1,5,1,1,1,0,3,1,0,1
 # 保土ケ谷町２丁目,ホドガヤチョウ2,男,143,1,0,0,0,0,0,0,0,0,0,1,0,1,1,0,2,0,2,0,3,2,1,1,2,1,4,0,2,2,3,2,1,2,2,1,4,3,2,0,2,2,3,1,3,2,5,1,4,0,1,3,3,2,1,1,0,1,1,3,3,3,1,1,2,6,6,0,5,2,2,0,3,3,0,2,3,0,3,0,0,2,2,2,2,2,1,0,1,0,0,1,0,0,0,0,0,0,0,0,0,0
 # 保土ケ谷町２丁目,ホドガヤチョウ2,女,157,0,2,1,1,0,0,0,1,3,2,1,0,1,0,0,2,1,0,4,3,2,1,2,3,0,4,2,1,2,3,4,1,0,2,1,2,1,0,1,2,0,2,4,1,2,3,2,2,0,3,2,1,3,2,0,5,1,3,2,0,3,1,5,3,1,2,3,4,1,0,3,1,2,1,2,1,1,3,2,3,4,2,5,0,1,3,0,0,1,4,0,0,0,0,0,0,1,0,0,0,0
 # 保土ケ谷町３丁目,ホドガヤチョウ3,男,189,3,3,0,0,3,0,1,1,1,0,2,0,2,3,4,1,1,1,0,1,3,4,1,1,3,3,3,3,2,4,1,4,2,1,3,2,1,2,1,3,3,3,1,3,4,2,0,4,0,3,2,4,2,6,4,0,4,2,4,0,1,3,2,5,3,9,5,7,4,0,2,1,1,2,1,2,0,1,1,0,1,0,3,3,1,0,2,1,2,0,1,0,0,0,0,0,0,0,0,0,0
 # 保土ケ谷町３丁目,ホドガヤチョウ3,女,172,0,2,1,0,0,0,0,1,0,2,0,0,2,0,2,2,0,2,3,3,1,3,1,0,1,0,1,7,0,3,0,0,0,1,2,2,0,2,6,5,2,1,2,4,3,1,3,1,0,3,3,3,3,2,4,2,2,2,1,2,5,2,6,2,5,6,2,1,1,0,1,2,3,2,4,1,2,2,2,2,5,1,0,1,0,2,1,2,2,3,1,3,0,0,0,0,1,0,0,0,0
法泉一丁目,ホウセン1,男,1019,5,9,9,6,15,3,10,5,9,9,14,9,17,15,13,15,14,11,15,14,11,12,9,4,15,7,10,4,13,10,7,3,10,6,6,16,13,20,12,20,15,21,20,27,22,33,27,20,15,13,19,14,18,12,9,15,17,10,15,12,7,13,9,10,12,17,13,13,6,6,14,10,12,11,15,7,5,9,6,4,2,4,6,4,2,7,2,4,2,1,2,2,1,0,0,1,0,0,0,0,1
法泉一丁目,ホウセン1,女,1025,6,5,8,4,12,15,7,12,4,11,16,10,15,10,15,15,17,11,11,7,9,12,8,13,8,7,7,9,5,11,10,5,7,11,12,15,16,16,11,16,18,16,20,20,28,29,14,24,12,18,19,13,13,15,8,17,15,8,10,10,17,6,12,13,10,19,18,11,7,11,18,7,11,10,10,10,4,8,5,4,9,8,6,5,4,3,6,4,6,8,2,3,2,1,1,0,0,0,0,0,0
法泉二丁目,ホウセン2,男,930,4,8,6,9,8,13,5,12,6,8,12,15,10,14,10,12,10,9,9,12,4,6,9,9,5,12,8,8,4,6,8,10,17,5,12,18,18,10,16,10,20,22,8,14,10,13,13,8,12,12,17,13,12,12,11,11,9,15,12,12,9,9,25,12,10,12,16,18,10,6,10,19,23,10,14,7,8,14,11,6,4,6,3,4,8,1,3,2,4,1,1,0,0,0,0,0,1,0,0,0,0
法泉二丁目,ホウセン2,女,965,14,9,9,12,8,7,7,10,18,6,11,10,9,11,7,6,7,11,4,8,4,6,6,8,11,7,11,8,7,8,5,8,11,12,13,15,13,11,12,22,15,24,14,16,8,11,12,14,6,10,12,12,13,10,10,13,8,13,13,13,12,8,11,10,18,21,19,25,14,13,15,12,17,12,15,9,13,7,10,10,7,6,5,8,8,6,5,3,3,3,2,4,1,1,1,0,1,1,0,0,0
法泉三丁目,ホウセン3,男,1057,3,7,9,9,9,5,12,11,15,12,12,14,13,15,12,18,12,16,8,12,9,11,10,7,8,4,9,15,6,4,8,9,15,16,12,10,23,20,13,16,15,19,18,16,18,16,14,15,11,21,17,16,14,11,8,16,19,14,6,13,7,18,14,13,21,14,16,18,16,13,8,14,17,6,12,7,14,8,13,6,8,3,11,3,6,3,3,6,6,3,2,0,0,1,1,0,0,0,0,0,0
法泉三丁目,ホウセン3,女,1146,10,6,13,9,14,7,12,12,15,11,16,7,9,12,14,12,11,8,15,6,13,7,7,8,1,9,6,4,7,5,7,6,7,9,16,16,12,20,20,24,19,18,25,12,22,9,12,16,14,18,12,12,22,17,12,8,9,13,12,14,10,20,13,15,22,19,17,22,18,15,13,18,18,19,13,12,12,7,15,10,7,12,12,15,9,11,9,9,10,6,6,2,3,2,1,3,0,1,1,0,0
星川一丁目,ホシカワ1,男,1274,6,7,12,7,8,6,13,8,10,4,8,9,5,12,7,10,8,8,11,10,12,12,16,24,18,20,18,16,18,12,15,17,23,19,20,15,26,25,17,34,18,15,17,21,22,15,15,12,13,18,16,15,17,16,15,14,12,8,15,12,24,20,21,24,27,20,39,25,16,19,20,13,16,14,13,15,14,9,9,9,6,7,10,4,6,4,2,3,2,2,1,1,4,1,1,1,0,0,0,0,0
星川一丁目,ホシカワ1,女,1382,6,8,7,9,7,8,5,8,10,9,6,6,6,5,8,9,6,2,15,6,19,11,16,22,25,19,26,23,23,19,16,12,16,19,14,17,20,24,18,25,21,21,25,11,10,20,12,12,15,20,13,15,13,15,11,15,17,24,17,20,15,22,24,24,23,40,29,33,10,18,23,19,18,11,19,8,13,9,14,13,12,11,13,16,11,8,9,11,11,6,7,5,5,1,5,2,3,1,2,0,1
星川二丁目,ホシカワ2,男,902,5,6,16,4,6,3,2,2,1,6,3,8,6,6,5,6,6,11,8,5,6,14,15,16,12,15,18,20,8,13,17,7,10,13,14,16,13,11,8,10,11,19,17,15,9,14,5,10,7,15,12,9,8,5,14,12,19,9,13,9,9,15,22,15,12,21,20,12,12,13,9,4,12,11,11,10,9,8,5,12,9,10,2,8,3,6,2,0,2,4,2,3,0,3,2,0,0,1,0,0,0
星川二丁目,ホシカワ2,女,950,8,9,4,7,4,5,6,8,3,4,5,6,11,6,6,8,3,4,6,6,12,8,5,10,18,9,16,16,10,18,10,17,11,7,13,16,18,11,11,11,14,17,13,12,17,11,7,11,4,16,14,10,9,12,14,10,16,8,15,16,17,11,14,15,13,16,17,9,8,16,14,11,10,5,14,11,13,15,9,12,8,9,6,3,6,11,7,4,5,4,5,4,1,4,1,5,0,1,1,2,1
星川三丁目,ホシカワ3,男,1098,11,10,2,13,8,7,5,10,3,4,5,8,4,9,2,9,11,6,14,11,14,7,20,18,22,13,11,18,13,12,17,17,16,19,12,12,17,14,14,23,20,19,17,22,16,25,14,18,16,16,20,16,16,16,19,14,8,16,17,17,17,13,19,23,12,23,22,22,12,15,14,14,10,9,5,7,6,8,6,7,3,5,11,1,2,1,1,1,3,0,0,2,0,0,0,1,0,0,0,0,0
星川三丁目,ホシカワ3,女,1106,3,7,6,2,5,8,8,4,6,5,8,8,8,10,7,10,4,2,17,12,19,12,18,22,11,10,18,13,11,12,17,15,13,14,16,14,14,15,18,6,16,25,19,19,11,13,16,18,13,19,14,26,14,13,13,12,11,12,19,23,13,9,23,15,19,15,24,21,5,15,9,8,13,13,8,13,7,8,7,15,12,10,8,9,5,6,6,6,7,7,1,2,5,0,2,0,0,1,1,3,1
今井町,イマイチョウ,男,3077,15,22,30,29,21,35,31,38,24,35,24,31,39,31,28,27,33,40,28,37,38,42,30,35,28,38,19,26,33,19,23,26,36,40,33,39,51,35,55,68,58,55,61,59,55,55,49,51,47,51,43,47,41,52,45,41,47,32,30,38,46,36,42,52,42,50,50,50,27,32,43,30,28,28,28,27,28,25,25,22,15,20,10,10,4,10,7,3,6,4,1,2,1,2,1,0,0,0,1,0,0
今井町,イマイチョウ,女,3139,25,23,32,37,33,39,25,38,24,22,27,29,27,22,26,31,43,37,33,41,31,39,24,25,21,25,25,24,28,23,29,27,42,50,38,47,49,45,41,53,62,60,49,62,62,33,51,48,44,39,41,40,58,49,39,49,28,41,35,32,31,39,37,49,33,55,52,41,32,28,35,33,30,44,45,38,30,19,26,23,16,23,19,15,20,10,16,15,7,10,7,4,5,3,9,3,5,2,5,1,2
岩井町,イワイチョウ,男,3643,41,42,20,40,26,28,31,28,27,23,21,22,22,33,27,23,29,23,20,23,22,39,41,50,47,64,54,83,81,87,88,61,70,59,45,61,72,55,44,57,64,68,72,60,63,62,67,51,53,67,50,55,48,32,35,39,44,47,54,25,39,42,53,45,53,54,49,41,25,30,43,41,35,23,27,33,27,12,24,19,15,19,13,15,16,11,8,8,6,13,5,5,3,1,0,3,0,1,1,0,0
岩井町,イワイチョウ,女,3484,43,42,28,22,32,30,17,22,21,20,26,28,25,22,33,27,18,35,24,25,26,29,30,47,34,50,56,64,53,63,54,46,38,40,42,52,63,51,55,59,61,47,52,66,58,57,43,52,50,52,48,42,33,45,34,35,40,41,41,36,44,34,27,42,44,48,55,46,37,27,37,35,41,29,35,35,27,42,28,38,37,40,21,18,20,24,22,24,18,17,20,9,10,11,1,2,5,3,2,3,1
岩間町,イワマチョウ,男,834,6,3,4,4,7,4,5,5,3,7,6,5,7,3,5,2,3,1,5,6,3,6,5,8,6,15,19,17,16,20,17,20,21,21,14,12,15,12,19,9,14,16,9,13,8,14,8,16,12,11,10,6,10,9,6,10,4,6,14,10,9,11,13,12,13,20,13,16,4,9,12,15,19,9,9,7,2,9,8,5,7,6,6,6,9,0,2,2,3,0,2,2,0,0,0,0,2,0,0,0,0
岩間町,イワマチョウ,女,851,3,4,2,3,0,4,5,3,4,6,2,4,3,3,5,1,1,5,4,2,3,7,6,9,10,11,11,14,23,17,15,11,13,14,10,12,9,14,12,13,10,12,13,15,15,13,9,15,7,12,5,12,11,4,9,7,9,11,11,12,12,11,18,12,8,24,12,14,10,12,8,14,12,9,8,6,15,12,14,8,10,10,16,9,4,8,3,5,6,4,4,5,2,7,1,2,3,0,1,0,2
 # 岩間町１丁目,イワマチョウ1,男,518,4,1,3,2,7,3,5,4,2,6,6,3,5,2,4,2,2,0,4,5,1,5,2,4,4,9,9,9,8,7,8,10,12,12,9,6,11,6,13,6,9,14,5,8,5,11,4,10,8,8,9,4,5,4,3,7,1,4,8,10,5,9,12,8,8,10,7,10,4,3,7,12,12,5,6,2,2,6,5,3,4,2,4,2,6,0,1,1,0,0,1,2,0,0,0,0,1,0,0,0,0
 # 岩間町１丁目,イワマチョウ1,女,514,1,3,2,3,0,2,3,3,3,4,2,3,3,3,3,0,0,3,3,1,0,6,2,7,7,6,7,7,10,7,6,4,5,9,5,7,4,7,8,9,6,6,8,8,12,10,8,9,4,8,4,7,4,3,6,5,7,7,6,8,9,8,15,10,5,17,6,7,7,7,5,5,7,7,6,3,12,9,7,3,6,5,13,5,1,3,2,4,1,3,3,2,2,3,0,0,2,0,0,0,0
 # 岩間町２丁目,イワマチョウ2,男,316,2,2,1,2,0,1,0,1,1,1,0,2,2,1,1,0,1,1,1,1,2,1,3,4,2,6,10,8,8,13,9,10,9,9,5,6,4,6,6,3,5,2,4,5,3,3,4,6,4,3,1,2,5,5,3,3,3,2,6,0,4,2,1,4,5,10,6,6,0,6,5,3,7,4,3,5,0,3,3,2,3,4,2,4,3,0,1,1,3,0,1,0,0,0,0,0,1,0,0,0,0
 # 岩間町２丁目,イワマチョウ2,女,337,2,1,0,0,0,2,2,0,1,2,0,1,0,0,2,1,1,2,1,1,3,1,4,2,3,5,4,7,13,10,9,7,8,5,5,5,5,7,4,4,4,6,5,7,3,3,1,6,3,4,1,5,7,1,3,2,2,4,5,4,3,3,3,2,3,7,6,7,3,5,3,9,5,2,2,3,3,3,7,5,4,5,3,4,3,5,1,1,5,1,1,3,0,4,1,2,1,0,1,0,2
岩崎町,イワサキチョウ,男,1274,5,5,5,7,9,6,11,10,9,10,12,16,12,9,12,11,18,13,26,21,16,19,22,20,18,10,6,6,11,11,9,10,4,11,14,12,16,11,20,15,21,19,16,23,31,17,20,23,18,23,17,21,17,20,24,17,18,9,23,13,19,11,18,23,19,18,23,25,12,18,24,19,19,12,14,13,10,14,12,10,8,11,7,5,10,6,0,6,4,0,1,0,3,1,1,0,0,0,0,0,0
岩崎町,イワサキチョウ,女,1461,7,7,5,4,15,6,9,8,14,12,8,8,15,13,16,11,15,12,18,10,16,27,19,10,12,10,11,11,9,7,13,9,7,11,10,14,11,19,17,17,25,19,19,22,19,27,26,24,17,26,27,14,28,18,20,19,19,19,20,12,13,17,13,23,21,33,28,24,16,22,15,25,26,24,22,16,15,20,13,17,24,14,16,17,12,12,12,7,15,6,5,7,2,5,7,1,1,0,0,0,2
釜台町,カマダイチョウ,男,1733,12,7,15,12,15,12,12,13,7,13,15,15,23,7,12,13,16,13,18,30,23,27,37,36,24,28,27,20,26,14,26,19,23,28,21,22,22,19,22,25,31,22,27,33,27,36,22,35,28,28,30,36,22,29,24,32,16,26,21,11,21,29,18,20,30,20,23,24,17,11,13,12,14,19,15,8,11,12,9,15,11,14,5,9,8,8,11,9,3,4,1,0,1,0,1,1,0,0,0,1,0
釜台町,カマダイチョウ,女,1749,10,12,17,9,17,9,12,15,12,14,13,15,15,10,19,14,24,17,21,16,25,25,26,16,24,15,18,23,21,16,8,25,30,12,17,18,19,24,22,18,25,23,37,31,29,31,31,30,19,36,33,28,29,21,18,13,24,27,20,30,25,22,24,14,16,26,26,19,17,9,23,17,20,21,20,12,16,18,17,20,12,16,15,17,13,11,8,10,4,7,7,5,4,4,2,0,1,1,0,0,2
鎌谷町,カマヤチョウ,男,2206,11,15,15,11,19,15,18,18,28,16,16,12,19,19,25,30,16,27,17,27,17,23,22,25,20,25,29,24,28,25,22,22,29,18,27,31,29,36,40,33,30,28,47,33,37,51,48,43,41,36,45,24,37,36,28,26,22,26,27,28,26,17,18,28,37,30,26,34,12,21,20,29,21,25,18,19,18,22,21,20,16,17,25,18,14,12,8,4,7,5,8,7,6,1,1,1,2,0,0,0,0
鎌谷町,カマヤチョウ,女,2167,6,6,11,7,19,16,12,15,22,16,37,17,23,12,11,23,20,21,28,18,19,25,14,25,36,19,12,18,21,21,16,29,23,20,19,25,23,26,38,38,19,31,30,31,39,29,40,29,40,32,31,24,22,28,25,25,22,20,23,26,27,29,11,26,27,29,29,28,15,25,29,24,39,39,22,26,27,28,28,43,25,30,32,14,15,19,20,11,9,12,14,10,11,5,3,3,3,2,1,3,1
上星川一丁目,カミホシカワ1,男,445,5,4,2,5,3,3,1,5,6,2,7,2,3,8,4,5,3,3,8,5,4,9,8,4,5,7,6,5,5,6,9,7,4,5,11,4,5,10,3,7,4,7,4,11,12,13,10,10,6,13,10,3,6,6,10,5,9,5,8,7,3,2,1,4,4,6,4,2,1,2,2,3,1,2,4,5,6,2,6,5,1,1,2,4,1,0,2,0,2,0,0,0,0,0,0,0,0,0,0,0,0
上星川一丁目,カミホシカワ1,女,475,3,3,3,2,5,3,3,4,6,4,5,3,7,5,9,3,2,5,3,3,8,6,7,10,7,9,10,7,3,6,8,3,6,8,2,5,8,3,8,8,7,12,5,9,7,7,11,9,7,2,14,9,3,3,8,5,6,3,8,6,2,2,4,1,2,5,2,3,1,10,5,5,7,4,7,7,6,6,1,3,3,4,4,3,9,3,1,4,0,0,1,3,0,0,1,0,1,0,0,0,1
上星川二丁目,カミホシカワ2,男,1747,9,6,11,11,13,10,10,11,13,17,21,20,17,14,17,17,15,22,17,25,26,25,22,27,28,24,25,15,17,22,16,12,24,16,22,11,15,31,19,21,25,34,29,22,29,35,37,41,24,34,26,29,32,21,31,26,12,26,27,12,25,25,17,27,21,23,20,22,20,11,25,18,22,22,15,14,15,16,17,18,15,6,9,17,7,7,9,2,6,4,3,0,2,0,0,1,0,0,0,0,0
上星川二丁目,カミホシカワ2,女,1698,5,12,5,6,14,11,9,14,15,11,13,17,18,15,19,21,16,18,24,27,22,16,22,19,20,24,22,11,14,18,16,13,14,18,15,20,12,11,26,23,32,30,30,32,27,31,33,41,32,21,16,27,13,27,24,21,18,22,14,24,21,23,17,19,21,18,19,18,15,24,27,18,25,15,15,15,20,17,21,22,21,13,11,15,12,12,17,11,6,5,2,5,4,2,1,0,1,1,2,2,4
上星川三丁目,カミホシカワ3,男,814,7,15,7,3,7,3,8,6,5,2,6,7,6,4,5,4,2,8,4,5,4,6,14,12,4,2,11,8,7,12,13,7,20,9,17,11,19,10,12,13,17,14,17,21,12,22,13,16,8,14,13,8,9,8,9,7,10,9,6,7,8,8,10,9,12,21,13,11,11,4,12,11,9,14,7,15,7,7,9,7,8,8,6,2,5,3,4,3,3,1,0,0,0,0,1,0,0,0,0,0,0
上星川三丁目,カミホシカワ3,女,895,7,5,4,11,9,9,8,5,7,2,6,5,7,3,5,3,4,6,6,11,6,4,10,3,11,8,11,8,12,9,12,9,18,13,11,20,17,15,16,13,6,19,15,9,22,8,15,6,8,6,15,7,8,8,9,9,12,11,9,5,6,11,14,16,11,21,19,15,10,18,7,19,13,9,17,13,13,7,16,14,6,7,8,4,8,6,7,3,3,5,2,1,5,1,2,2,0,0,0,0,0
上菅田町,カミスゲダチョウ,男,7161,60,72,71,70,64,47,55,56,46,65,67,64,63,60,59,73,57,55,72,57,65,50,66,61,67,57,65,58,69,58,71,83,78,94,106,86,101,115,110,99,119,136,145,117,130,118,124,121,97,100,100,96,80,88,80,87,59,77,62,80,85,87,93,114,85,116,116,95,73,82,116,106,102,95,93,93,99,113,98,82,74,60,59,38,33,22,32,18,18,14,13,10,8,2,4,3,0,0,0,1,1
上菅田町,カミスゲダチョウ,女,7235,49,49,70,54,72,53,68,51,69,55,56,45,56,49,55,48,56,55,56,57,52,58,51,61,42,55,44,55,54,70,53,68,79,99,88,78,111,94,101,105,93,111,111,112,90,108,101,94,86,80,95,93,89,83,79,59,69,66,62,59,63,99,93,110,104,129,128,134,100,102,114,124,149,136,123,106,115,126,120,96,79,87,72,67,44,47,48,40,33,42,18,16,24,14,13,10,12,4,2,3,8
狩場町,カリバチョウ,男,3680,22,23,20,18,25,32,22,26,21,29,41,29,41,42,38,40,40,40,36,48,35,48,52,28,35,31,41,32,28,35,38,39,38,48,43,39,48,40,43,60,67,58,53,48,71,60,78,64,53,73,66,70,67,60,56,47,43,46,50,43,48,67,75,64,58,73,64,78,47,38,39,40,38,43,38,31,27,27,18,31,14,23,13,11,10,13,9,7,5,9,3,1,3,5,2,0,0,0,1,0,0
狩場町,カリバチョウ,女,3775,13,21,18,20,28,24,24,31,29,30,41,32,38,33,47,36,51,45,50,37,29,34,31,37,27,42,26,27,31,32,40,40,43,37,44,30,47,36,50,57,61,59,53,63,60,67,58,58,55,72,60,53,54,46,53,47,51,40,65,42,65,79,62,58,66,83,71,68,40,34,35,41,40,41,44,26,28,30,37,38,24,26,17,33,18,20,20,15,17,21,13,11,9,12,11,4,4,2,3,0,4
霞台,カスミダイ,男,1275,8,10,7,12,5,12,13,8,9,12,11,18,5,9,14,17,16,16,12,12,10,15,17,15,11,12,14,14,12,11,16,20,14,14,13,18,15,18,21,20,12,24,22,28,33,24,30,18,12,18,20,21,21,18,15,21,9,13,13,11,14,18,19,12,20,22,26,18,7,16,15,6,14,16,12,10,13,9,10,11,11,10,11,7,7,6,2,4,4,4,5,3,1,0,0,2,0,0,0,0,1
霞台,カスミダイ,女,1340,6,4,6,6,12,11,8,11,14,7,14,21,17,16,16,11,15,10,11,11,11,8,13,7,12,15,14,10,10,13,12,8,11,15,10,19,20,11,19,16,18,19,38,36,24,24,26,17,18,23,16,11,21,18,15,13,16,14,11,7,15,13,17,16,17,18,22,21,9,18,14,17,21,18,18,12,17,15,12,16,16,12,15,18,11,15,8,14,7,6,3,5,3,6,1,3,0,5,0,0,0
帷子町,カタビラチョウ,男,683,5,3,2,4,5,3,6,11,8,5,8,6,8,3,5,7,10,5,6,7,6,2,4,7,5,11,9,10,8,15,8,12,11,6,14,9,10,9,10,13,12,15,12,11,13,14,21,20,10,12,14,15,10,6,14,10,13,6,8,9,7,8,9,11,7,5,11,11,5,3,8,4,8,5,2,2,6,4,3,2,2,2,3,1,5,2,2,1,2,0,0,0,1,0,0,0,0,0,0,0,0
帷子町,カタビラチョウ,女,703,6,4,4,2,3,7,3,5,3,9,5,7,3,10,5,5,8,5,9,5,8,3,5,4,8,7,5,5,12,8,11,12,8,11,12,11,8,10,10,13,15,18,13,10,20,22,15,14,9,8,12,10,11,14,10,7,6,4,3,11,11,6,9,11,3,12,10,15,4,2,9,2,7,7,4,6,4,8,5,9,8,6,3,4,4,3,4,3,4,2,1,2,1,0,1,0,0,0,0,0,2
 # 帷子町１丁目,カタビラチョウ1,男,304,2,2,2,2,3,1,4,7,2,3,5,0,7,3,3,2,2,1,1,2,2,0,3,2,2,4,4,4,1,5,4,7,3,1,6,3,5,4,3,7,3,8,7,8,5,7,7,9,3,10,2,10,4,4,8,3,3,3,4,3,2,4,6,8,5,2,8,8,1,1,2,1,1,1,2,1,1,1,0,2,0,2,1,1,5,1,1,0,0,0,0,0,1,0,0,0,0,0,0,0,0
 # 帷子町１丁目,カタビラチョウ1,女,327,4,1,0,0,1,2,3,1,2,6,1,3,3,4,4,3,6,3,4,3,3,1,3,2,6,4,2,4,1,4,3,8,2,5,4,6,3,2,3,4,7,10,5,4,8,10,6,4,6,5,6,7,4,9,5,3,3,2,2,5,6,4,4,7,1,5,8,6,2,0,2,1,4,0,2,1,1,3,2,4,5,5,1,1,2,3,3,1,3,1,0,2,1,0,0,0,0,0,0,0,1
 # 帷子町２丁目,カタビラチョウ2,男,379,3,1,0,2,2,2,2,4,6,2,3,6,1,0,2,5,8,4,5,5,4,2,1,5,3,7,5,6,7,10,4,5,8,5,8,6,5,5,7,6,9,7,5,3,8,7,14,11,7,2,12,5,6,2,6,7,10,3,4,6,5,4,3,3,2,3,3,3,4,2,6,3,7,4,0,1,5,3,3,0,2,0,2,0,0,1,1,1,2,0,0,0,0,0,0,0,0,0,0,0,0
 # 帷子町２丁目,カタビラチョウ2,女,376,2,3,4,2,2,5,0,4,1,3,4,4,0,6,1,2,2,2,5,2,5,2,2,2,2,3,3,1,11,4,8,4,6,6,8,5,5,8,7,9,8,8,8,6,12,12,9,10,3,3,6,3,7,5,5,4,3,2,1,6,5,2,5,4,2,7,2,9,2,2,7,1,3,7,2,5,3,5,3,5,3,1,2,3,2,0,1,2,1,1,1,0,0,0,1,0,0,0,0,0,1
川辺町,カワベチョウ,男,2514,26,27,30,37,27,28,24,24,22,26,20,32,27,27,42,22,24,27,33,21,31,22,18,19,14,15,13,21,15,21,31,27,24,31,34,36,31,39,48,46,42,49,36,51,41,44,69,54,51,54,55,52,43,39,36,39,34,39,40,31,25,27,27,29,34,43,34,28,23,17,18,22,17,16,18,19,15,17,14,14,7,17,7,7,4,4,5,3,6,5,3,2,1,1,2,1,1,0,0,0,0
川辺町,カワベチョウ,女,2814,25,39,26,24,30,18,20,21,22,21,25,34,20,28,31,28,40,38,32,32,32,28,16,23,11,24,12,28,21,25,28,29,34,30,37,37,42,52,39,37,47,38,57,58,61,54,66,63,46,61,58,58,48,47,46,41,28,33,27,27,30,26,29,39,43,31,35,36,20,25,39,26,29,39,26,16,16,22,19,25,17,20,13,13,18,12,8,8,6,3,6,3,8,1,1,0,0,0,1,0,2
川島町,カワシマチョウ,男,4528,28,24,35,26,28,30,34,33,37,37,36,32,39,27,35,35,41,53,42,40,53,47,43,46,42,42,47,48,43,55,41,46,43,47,50,45,51,62,60,67,71,64,71,60,72,65,70,75,56,59,73,73,57,47,56,43,63,61,38,52,56,50,53,65,66,88,90,73,40,54,68,66,64,75,67,65,68,55,63,61,50,52,43,37,33,36,20,22,13,13,10,5,6,1,2,0,1,1,0,0,0
川島町,カワシマチョウ,女,4941,38,15,32,31,33,27,28,27,28,29,26,24,36,36,33,41,28,40,45,46,51,48,46,46,43,52,40,33,46,43,46,49,68,44,54,47,46,50,51,55,63,59,69,66,59,79,65,65,55,61,62,66,51,55,55,52,53,56,52,64,52,72,63,69,98,81,87,86,52,72,88,86,90,90,91,82,97,76,90,71,61,66,67,53,53,39,39,24,24,19,21,14,12,15,10,4,4,4,3,2,6
東川島町,ヒガシカワシマチョウ,男,2187,12,19,16,17,17,16,17,21,13,7,20,23,18,17,25,26,22,25,22,23,18,22,39,32,31,22,26,31,23,21,22,19,19,33,24,30,29,29,41,20,39,36,45,49,47,29,51,52,34,38,33,33,35,39,24,24,24,22,31,20,22,31,33,36,34,36,30,28,21,18,24,23,25,16,24,21,18,11,20,11,17,12,8,5,4,7,15,4,5,4,4,1,3,2,0,0,1,1,0,0,0
東川島町,ヒガシカワシマチョウ,女,2077,12,10,9,15,9,13,12,13,13,16,13,13,18,24,31,20,29,19,22,21,23,16,16,23,22,21,20,25,23,18,19,19,24,29,29,26,17,21,34,33,36,40,33,28,34,37,38,35,34,34,36,30,19,23,27,24,28,22,18,21,23,26,24,36,33,37,23,31,25,17,33,23,31,28,22,13,24,17,16,29,23,14,14,19,10,14,23,11,7,9,7,9,4,4,2,2,3,1,0,0,3
峰岡町,ミネオカチョウ,男,3230,11,16,14,12,20,16,25,15,23,26,29,21,25,23,29,18,18,30,26,40,50,57,71,66,69,51,58,45,40,45,42,28,39,42,41,47,30,35,55,42,58,39,61,50,54,63,48,54,32,63,34,43,55,39,41,47,38,38,42,32,44,40,31,46,57,42,38,51,25,31,31,44,43,37,37,30,31,22,21,18,11,21,21,22,19,13,21,10,11,12,10,4,4,5,2,2,1,0,0,1,0
峰岡町,ミネオカチョウ,女,3158,13,12,14,14,10,21,26,23,18,12,23,24,24,25,24,28,24,23,19,29,35,33,44,32,45,39,39,42,24,37,37,34,32,35,35,31,46,41,39,37,35,50,49,50,44,54,49,47,29,46,51,41,36,38,39,38,39,34,38,28,44,44,49,50,47,42,50,52,24,33,55,33,49,29,30,23,28,49,36,48,43,31,34,45,37,30,23,23,23,17,14,7,7,4,4,6,3,3,5,4,2
 # 峰岡町１丁目,ミネオカチョウ1,男,1117,5,5,4,5,10,6,5,5,10,8,7,5,10,7,9,6,8,14,9,10,8,13,24,19,17,16,22,18,11,15,16,13,9,13,10,9,17,15,16,12,24,7,24,15,18,23,21,22,14,22,14,19,22,16,20,22,16,13,12,8,22,17,11,15,23,18,16,21,14,12,7,13,12,11,15,5,13,7,7,5,5,5,6,9,3,5,5,4,3,6,2,0,2,3,0,1,0,0,0,1,0
 # 峰岡町１丁目,ミネオカチョウ1,女,1115,4,5,5,4,3,11,11,9,10,4,8,7,9,11,9,8,7,8,7,12,11,10,18,11,12,11,13,19,6,10,8,12,13,7,11,10,19,13,18,11,11,28,21,17,15,19,19,20,11,22,25,14,16,15,14,16,13,11,12,10,15,19,16,29,8,23,18,18,12,6,12,4,18,7,9,5,10,15,13,18,13,15,8,12,11,10,8,6,6,2,5,3,3,2,1,1,1,2,3,3,1
 # 峰岡町２丁目,ミネオカチョウ2,男,1412,5,9,5,3,6,7,8,5,9,15,11,13,13,13,15,8,6,14,11,17,25,25,24,24,29,20,26,14,20,21,22,13,19,19,23,23,6,12,27,20,24,20,24,24,25,26,23,21,15,28,17,14,26,16,12,16,14,16,20,15,15,16,15,25,23,16,17,18,10,10,20,24,24,18,15,15,13,12,9,7,4,12,8,11,11,3,11,2,7,6,4,2,2,2,2,1,1,0,0,0,0
 # 峰岡町２丁目,ミネオカチョウ2,女,1399,6,2,6,9,7,6,10,6,5,2,11,12,13,11,15,15,14,11,10,8,13,16,15,14,20,18,14,17,13,15,22,14,13,17,21,15,19,17,10,16,16,17,18,24,19,24,21,19,17,16,16,17,15,13,19,16,19,15,20,10,20,16,20,18,23,15,25,20,9,20,29,19,20,17,15,10,14,25,18,18,23,11,20,23,21,15,9,13,10,12,6,2,3,2,2,2,1,0,2,1,1
 # 峰岡町３丁目,ミネオカチョウ3,男,701,1,2,5,4,4,3,12,5,4,3,11,3,2,3,5,4,4,2,6,13,17,19,23,23,23,15,10,13,9,9,4,2,11,10,8,15,7,8,12,10,10,12,13,11,11,14,4,11,3,13,3,10,7,7,9,9,8,9,10,9,7,7,5,6,11,8,5,12,1,9,4,7,7,8,7,10,5,3,5,6,2,4,7,2,5,5,5,4,1,0,4,2,0,0,0,0,0,0,0,0,0
 # 峰岡町３丁目,ミネオカチョウ3,女,644,3,5,3,1,0,4,5,8,3,6,4,5,2,3,0,5,3,4,2,9,11,7,11,7,13,10,12,6,5,12,7,8,6,11,3,6,8,11,11,10,8,5,10,9,10,11,9,8,1,8,10,10,5,10,6,6,7,8,6,8,9,9,13,3,16,4,7,14,3,7,14,10,11,5,6,8,4,9,5,12,7,5,6,10,5,5,6,4,7,3,3,2,1,0,1,3,1,1,0,0,0
峰沢町,ミネザワチョウ,男,1922,5,4,14,13,15,10,14,18,14,16,13,17,8,16,17,9,13,11,11,30,33,12,30,35,31,34,33,22,29,34,30,28,22,30,27,31,31,32,30,25,36,36,17,40,18,31,24,32,27,31,18,26,18,5,16,29,17,18,30,23,20,15,27,29,35,29,23,32,17,19,24,28,29,23,22,24,22,25,22,18,15,13,12,9,9,10,6,2,4,5,7,4,2,1,0,1,0,0,0,0,0
峰沢町,ミネザワチョウ,女,1837,8,9,10,12,14,5,11,15,13,15,7,12,10,11,12,8,9,10,15,18,26,17,18,29,21,21,23,25,19,20,21,16,18,22,27,12,29,23,21,30,27,19,27,33,32,21,22,24,14,23,20,20,15,20,15,29,18,27,28,31,33,21,21,30,29,46,37,37,24,24,33,26,30,34,28,23,24,24,16,19,20,29,16,18,10,8,12,3,12,4,4,6,3,1,2,1,1,0,1,0,0
宮田町,ミヤタチョウ,男,1242,8,9,7,5,4,4,6,7,7,9,3,8,9,10,8,8,10,8,11,16,10,15,15,21,19,22,21,29,16,16,23,17,15,10,16,17,19,15,21,21,27,11,20,23,16,23,13,14,16,22,17,21,18,19,15,10,20,13,16,14,12,15,13,17,19,21,27,21,9,8,14,13,14,16,18,18,8,12,10,9,15,9,9,12,7,4,2,2,9,2,6,4,1,0,0,0,1,1,0,1,0
宮田町,ミヤタチョウ,女,1259,4,11,8,3,2,8,7,6,7,7,7,8,5,4,8,7,14,12,8,12,16,15,16,29,20,16,14,14,18,24,16,21,21,18,18,13,27,11,18,15,14,18,16,22,16,20,22,10,9,16,21,13,15,7,8,15,15,12,15,13,9,20,12,19,22,19,18,14,7,11,12,16,20,21,11,11,13,15,22,21,16,16,9,14,8,15,11,9,9,11,6,5,3,1,5,1,0,0,1,1,0
 # 宮田町１丁目,ミヤタチョウ1,男,619,5,3,3,2,0,2,2,3,1,3,2,4,6,5,6,4,6,3,8,6,5,6,5,11,5,10,13,19,9,10,16,10,9,8,9,9,9,8,10,14,19,5,7,10,7,9,7,7,9,11,9,9,13,6,4,6,8,4,8,6,4,6,9,12,9,8,15,9,4,2,6,6,7,7,8,8,5,6,6,4,7,3,3,8,6,2,1,2,5,1,4,2,1,0,0,0,0,0,0,0,0
 # 宮田町１丁目,ミヤタチョウ1,女,603,1,6,6,1,0,4,0,2,1,2,3,6,2,1,3,2,9,5,3,2,9,4,7,14,12,8,9,7,7,13,9,12,13,10,10,9,11,4,5,7,9,8,6,13,12,11,10,5,5,4,11,6,4,4,3,5,9,6,7,5,4,8,7,13,11,7,5,6,1,6,5,5,11,12,7,5,5,7,10,13,11,8,5,6,3,8,4,5,4,7,2,2,2,1,4,0,0,0,1,0,0
 # 宮田町２丁目,ミヤタチョウ2,男,410,1,5,4,2,4,2,3,2,6,5,1,2,2,3,2,1,3,4,3,9,2,5,7,4,8,8,7,5,4,4,5,4,5,2,6,7,8,5,8,4,7,4,11,7,7,11,5,3,3,6,6,9,4,6,4,2,8,6,6,3,7,6,2,3,6,12,6,6,2,4,6,6,6,5,7,7,3,4,2,3,4,4,2,1,1,0,0,0,3,0,1,0,0,0,0,0,1,0,0,0,0
 # 宮田町２丁目,ミヤタチョウ2,女,442,2,2,2,1,2,2,6,4,3,3,1,2,1,1,4,4,4,3,3,9,5,8,7,11,5,7,4,4,8,9,6,6,7,4,7,4,10,6,9,7,4,8,9,6,2,3,10,3,2,7,7,6,3,3,3,5,3,2,6,6,5,4,4,2,8,10,11,5,2,3,6,7,7,6,3,5,3,6,7,7,2,5,0,8,3,6,5,0,2,1,2,3,1,0,1,0,0,0,0,1,0
 # 宮田町３丁目,ミヤタチョウ3,男,213,2,1,0,1,0,0,1,2,0,1,0,2,1,2,0,3,1,1,0,1,3,4,3,6,6,4,1,5,3,2,2,3,1,0,1,1,2,2,3,3,1,2,2,6,2,3,1,4,4,5,2,3,1,7,7,2,4,3,2,5,1,3,2,2,4,1,6,6,3,2,2,1,1,4,3,3,0,2,2,2,4,2,4,3,0,2,1,0,1,1,1,2,0,0,0,0,0,1,0,1,0
 # 宮田町３丁目,ミヤタチョウ3,女,214,1,3,0,1,0,2,1,0,3,2,3,0,2,2,1,1,1,4,2,1,2,3,2,4,3,1,1,3,3,2,1,3,1,4,1,0,6,1,4,1,1,2,1,3,2,6,2,2,2,5,3,1,8,0,2,5,3,4,2,2,0,8,1,4,3,2,2,3,4,2,1,4,2,3,1,1,5,2,5,1,3,3,4,0,2,1,2,4,3,3,2,0,0,0,0,1,0,0,0,0,0
明神台,ミョウジンダイ,男,1196,14,22,14,13,14,11,13,19,11,5,6,12,7,4,8,4,6,9,5,7,6,10,8,10,4,14,7,7,10,11,22,17,21,24,28,24,22,28,28,31,25,24,33,19,32,25,18,26,18,24,17,20,16,14,14,14,12,5,15,9,16,10,12,12,14,20,10,15,7,9,5,10,9,7,10,5,9,13,10,11,7,9,8,11,8,5,5,3,1,3,2,2,0,0,0,1,1,0,0,0,0
明神台,ミョウジンダイ,女,1301,14,14,10,16,14,12,7,7,8,5,10,9,7,1,1,9,11,2,2,6,8,7,13,9,6,6,13,11,14,13,26,17,24,20,31,25,23,24,19,29,20,31,23,30,21,31,21,25,21,14,15,21,27,17,7,7,12,10,14,15,16,10,13,13,12,8,19,18,12,12,9,16,11,19,22,7,13,12,21,22,18,18,12,15,12,9,10,10,9,4,2,1,2,4,0,2,1,0,1,0,1
西久保町,ニシクボチョウ,男,2693,17,21,26,23,20,12,13,14,20,29,19,26,16,22,26,18,25,25,15,26,29,27,33,33,42,71,58,59,43,48,46,58,61,47,51,43,48,46,49,48,42,45,35,52,50,43,44,44,40,47,41,39,36,25,34,16,28,38,31,30,35,27,27,41,41,41,37,37,25,18,22,20,20,15,18,15,11,17,13,12,13,7,8,14,12,3,4,5,4,4,2,5,4,0,0,1,1,1,0,0,0
西久保町,ニシクボチョウ,女,2562,27,25,18,30,23,21,13,18,16,15,18,10,16,21,18,9,28,22,15,15,18,21,18,22,36,38,57,46,49,47,57,49,55,39,42,26,42,30,42,39,27,38,44,43,46,52,44,44,29,47,43,38,38,29,36,35,24,34,32,30,31,28,26,25,30,39,33,34,18,28,25,23,22,17,23,18,23,20,14,17,9,20,20,12,18,6,9,17,11,8,5,10,6,2,1,2,2,0,2,3,1
西谷町,ニシヤマチ,男,3420,33,24,19,20,28,21,21,24,18,27,33,24,27,27,38,34,24,33,23,34,30,36,48,52,41,44,58,48,45,44,51,44,54,42,51,47,54,51,35,42,55,57,66,60,58,63,44,54,46,68,50,51,55,57,58,49,52,49,50,46,46,45,45,40,53,53,52,46,29,30,32,30,36,31,26,14,29,22,34,20,26,22,20,12,9,6,12,14,12,10,6,5,2,2,3,4,0,2,1,1,1
西谷町,ニシヤマチ,女,3354,22,18,22,23,14,16,35,20,22,11,25,28,23,24,31,31,29,30,32,35,33,37,35,34,50,45,51,44,43,44,43,45,36,45,44,43,44,33,31,48,40,34,62,57,51,63,52,41,42,57,57,43,59,49,59,40,47,40,49,37,33,47,43,32,39,60,52,51,36,35,45,38,38,23,52,31,35,37,39,31,27,18,21,26,24,23,13,20,15,19,15,6,9,5,9,5,0,0,3,0,1
岡沢町,オカザワチョウ,男,1725,10,11,12,13,15,16,12,15,9,13,8,20,14,16,13,17,6,16,16,16,35,28,48,43,35,19,31,18,29,26,23,19,24,23,20,20,31,25,22,33,30,32,41,43,27,32,35,24,29,34,20,19,24,22,17,17,22,15,25,9,15,14,21,17,24,14,23,22,6,11,19,12,15,17,10,8,14,11,16,15,7,17,11,12,10,5,6,5,4,3,2,0,1,0,1,0,0,0,0,0,0
岡沢町,オカザワチョウ,女,1663,14,11,7,12,14,16,14,14,18,9,14,7,10,13,9,13,14,10,16,15,17,20,32,32,38,34,24,19,20,21,15,17,18,18,23,26,26,25,21,23,34,28,39,28,26,31,33,30,22,19,27,26,11,17,20,18,22,12,16,13,13,14,20,19,21,18,18,15,14,16,18,15,18,20,13,15,17,21,24,14,15,18,8,12,14,10,10,6,3,9,4,6,5,4,1,0,1,1,0,0,2
境木町,サカイギチョウ,男,335,0,2,2,1,4,3,2,4,5,3,3,2,1,1,1,0,3,4,6,1,3,3,3,1,0,3,4,3,3,2,5,5,5,3,5,2,4,7,5,2,4,7,3,1,2,10,2,5,2,1,1,2,5,4,2,9,4,3,3,3,5,7,3,5,5,6,4,2,4,3,6,6,6,8,8,8,8,6,10,2,10,3,3,5,5,0,4,0,1,0,0,0,1,1,0,0,1,0,0,0,0
境木町,サカイギチョウ,女,366,0,2,4,4,6,4,2,4,0,0,5,1,6,2,1,2,0,5,2,2,2,1,4,4,1,2,4,2,0,5,4,1,5,4,0,2,4,6,6,2,5,4,2,4,3,7,5,2,4,2,4,4,5,1,4,3,3,1,8,4,2,4,6,4,6,7,3,7,8,9,8,13,5,7,8,7,11,7,10,4,4,2,2,8,1,0,6,3,3,0,4,4,4,2,0,0,0,0,0,0,1
境木本町,サカイギホンチョウ,男,1950,11,18,18,16,11,22,19,21,18,21,21,25,30,31,19,23,22,19,28,22,20,23,22,11,13,13,19,14,12,12,13,22,16,13,18,11,24,20,27,33,16,33,31,40,33,36,37,31,32,23,35,37,33,28,24,33,17,13,20,25,19,34,24,20,15,35,33,32,26,18,25,22,28,30,20,15,27,27,25,16,17,18,16,13,10,4,10,3,4,4,4,2,2,1,1,1,1,0,0,0,0
境木本町,サカイギホンチョウ,女,2095,14,9,15,18,20,17,20,16,12,25,22,15,25,24,24,33,25,31,23,26,19,23,23,19,15,9,15,17,14,13,22,19,19,23,17,20,18,32,20,29,38,33,49,32,31,41,41,41,31,32,32,25,28,27,21,22,24,21,31,19,23,15,19,25,31,35,31,35,16,28,31,39,24,36,25,19,35,28,22,20,11,12,19,15,15,7,9,9,8,6,4,2,3,4,3,5,0,2,0,1,4
坂本町,サカモトチョウ,男,1375,30,11,12,12,18,14,14,15,18,13,18,13,11,14,10,13,25,9,9,13,18,19,14,13,14,13,18,22,12,16,19,20,15,21,20,24,22,31,25,22,29,31,26,25,32,24,22,27,23,19,21,24,11,16,9,25,13,15,12,16,15,12,15,13,12,21,14,14,14,14,10,14,16,9,9,5,7,7,12,6,5,9,8,1,5,3,3,1,5,1,1,1,1,1,1,0,0,0,0,0,0
坂本町,サカモトチョウ,女,1389,15,15,19,20,17,12,20,21,12,15,10,13,11,9,12,8,6,13,15,18,13,7,11,14,17,15,18,11,17,20,15,20,18,24,19,23,23,23,26,32,21,34,31,22,26,19,23,26,26,18,12,19,18,17,14,13,13,15,9,13,6,15,14,14,20,14,24,22,8,11,11,13,11,14,9,7,16,12,8,10,8,7,13,9,6,9,5,3,8,4,5,3,3,2,2,2,0,3,0,0,2
桜ケ丘一丁目,サクラガオカ1,男,1212,1,6,10,4,11,5,4,10,8,8,11,12,18,16,9,11,10,12,12,10,7,13,11,16,12,16,12,16,11,15,19,10,16,10,13,17,21,12,17,14,16,16,28,21,21,20,18,27,16,31,25,17,23,15,15,11,12,13,13,9,18,17,19,21,17,12,13,23,14,10,9,23,19,6,12,16,13,8,14,6,13,12,6,5,6,9,3,14,7,2,5,0,5,1,0,0,1,0,0,0,0
桜ケ丘一丁目,サクラガオカ1,女,1290,8,5,5,8,7,5,5,10,13,13,8,10,13,9,11,13,9,5,21,17,10,15,13,13,12,10,16,8,17,19,12,13,19,9,14,11,12,18,14,23,16,12,24,19,25,16,21,26,10,17,18,20,23,14,16,12,9,17,11,15,18,22,11,14,25,20,21,27,14,21,13,17,28,20,10,19,19,13,12,9,13,9,16,16,12,10,9,8,6,6,2,3,6,0,2,0,1,3,1,0,0
桜ケ丘二丁目,サクラガオカ2,男,1455,8,16,10,10,10,10,11,11,7,8,9,15,12,11,11,11,11,11,15,11,6,12,17,13,20,19,18,20,25,26,26,21,27,24,21,29,22,22,26,36,25,26,18,28,18,20,31,25,25,21,28,19,18,16,27,24,9,22,29,24,19,12,19,15,17,25,30,16,11,8,14,12,17,12,10,8,7,11,8,9,8,11,4,7,6,12,3,5,5,5,3,1,1,1,0,1,0,0,0,0,1
桜ケ丘二丁目,サクラガオカ2,女,1399,10,11,12,15,8,11,13,11,9,6,13,11,7,17,9,13,13,11,13,14,12,7,13,18,14,10,16,13,12,27,19,22,19,20,15,24,23,16,24,21,13,25,24,22,13,21,20,24,20,25,17,19,26,16,17,14,8,17,19,14,19,22,17,16,22,17,23,21,13,12,19,12,17,10,14,12,13,8,8,18,12,16,10,19,15,13,10,7,7,5,3,4,3,2,4,3,2,0,2,2,1
新桜ケ丘一丁目,シンサクラガオカ1,男,1779,5,9,23,8,15,13,14,11,30,14,15,12,15,15,21,23,24,10,19,16,10,10,19,13,9,7,12,9,19,17,15,14,13,25,12,15,22,28,26,24,28,28,28,36,26,29,33,22,22,23,20,20,19,23,20,14,18,13,22,23,16,17,25,36,32,46,34,45,26,18,28,20,32,33,28,36,32,33,22,30,20,10,13,13,12,2,8,7,4,1,0,1,1,0,0,0,0,0,0,0,0
新桜ケ丘一丁目,シンサクラガオカ1,女,1825,8,8,11,10,12,12,13,14,18,16,13,22,20,16,8,14,15,18,20,16,12,21,12,2,11,22,14,6,16,14,23,14,20,10,18,29,17,24,17,24,20,33,19,25,37,30,22,26,12,34,12,26,14,14,16,24,22,18,15,18,28,17,29,38,36,38,46,38,27,26,34,40,52,41,35,29,26,16,20,21,20,17,10,14,8,4,8,9,8,4,7,7,8,5,2,3,2,2,0,1,2
新桜ケ丘二丁目,シンサクラガオカ2,男,1526,4,9,15,9,7,12,12,9,12,15,17,12,14,15,18,18,7,26,21,13,23,18,21,11,19,16,18,13,12,7,12,11,8,11,13,15,25,17,19,24,30,22,22,25,24,28,24,27,19,24,17,26,19,20,21,20,19,13,15,22,10,18,18,19,21,24,36,26,12,22,34,31,33,28,21,16,25,23,13,16,12,9,9,2,5,9,4,7,3,2,0,0,0,2,1,0,0,0,0,0,0
新桜ケ丘二丁目,シンサクラガオカ2,女,1538,8,8,5,7,6,5,7,11,12,14,14,14,14,12,20,18,14,19,12,15,10,14,18,10,14,11,16,12,11,10,16,8,8,6,15,17,18,17,22,24,31,31,24,15,25,22,24,33,17,23,22,18,19,19,25,17,13,13,18,12,21,24,23,23,34,31,31,38,28,30,40,46,32,24,24,19,10,15,20,14,18,11,6,7,8,3,8,0,3,3,3,1,2,0,1,2,2,0,0,0,0
瀬戸ケ谷町,セトガヤチョウ,男,3220,20,25,24,27,25,20,27,24,33,21,29,26,27,33,30,47,44,25,31,31,34,33,33,32,33,42,39,43,36,41,37,52,44,34,45,53,60,45,39,67,53,73,58,64,56,50,59,65,50,58,59,57,50,55,49,43,36,38,37,35,31,31,33,35,53,43,39,40,19,26,36,38,31,39,31,37,25,24,19,13,15,15,13,15,9,8,10,11,6,5,4,1,3,1,3,0,0,0,0,1,1
瀬戸ケ谷町,セトガヤチョウ,女,3125,21,23,17,18,18,35,18,19,22,23,22,26,17,35,29,33,31,43,31,24,43,34,39,39,35,32,31,34,30,35,42,38,44,33,36,51,24,38,53,40,56,68,48,64,62,67,62,58,34,54,52,51,45,33,41,40,33,36,31,29,29,37,37,38,42,59,42,47,25,28,43,46,44,41,29,19,18,33,32,25,21,25,19,22,12,18,17,12,9,5,5,4,5,7,4,2,1,1,1,0,1
天王町,テンノウチョウ,男,2524,20,21,33,18,15,17,15,15,12,17,13,9,13,7,18,20,19,15,13,10,15,14,26,14,38,33,38,38,42,56,52,56,70,59,63,52,49,58,41,47,39,43,37,38,34,27,46,38,39,39,36,40,31,26,34,29,20,21,30,26,27,40,32,32,37,53,43,51,23,24,26,28,25,22,23,16,27,18,20,17,14,12,10,10,6,4,1,10,2,5,3,2,5,2,0,0,0,0,0,0,0
天王町,テンノウチョウ,女,2526,28,30,25,16,11,10,13,8,10,9,14,17,11,12,14,18,14,6,12,13,13,14,15,27,24,38,37,44,49,50,43,60,47,48,40,37,40,50,31,36,40,36,45,47,47,38,31,35,36,28,39,31,26,22,22,26,34,24,28,27,27,26,32,40,39,44,46,42,20,28,37,25,41,24,25,34,17,31,22,24,21,25,24,26,25,13,10,8,15,6,8,6,9,3,3,2,0,0,0,0,2
 # 天王町１丁目,テンノウチョウ1,男,1214,3,7,7,4,8,4,7,6,6,11,8,8,3,4,7,13,9,6,9,8,9,11,14,14,18,23,24,22,20,26,31,25,25,31,25,26,18,27,18,27,22,22,21,22,22,13,22,22,19,19,18,17,19,12,15,18,14,11,16,14,15,17,17,18,15,24,22,18,4,6,10,8,6,11,13,5,10,8,9,9,5,6,5,3,2,2,0,5,2,3,1,2,2,1,0,0,0,0,0,0,0
 # 天王町１丁目,テンノウチョウ1,女,1159,10,9,6,7,3,6,7,2,3,6,4,8,5,5,7,8,11,4,6,7,11,6,10,19,12,23,28,20,17,21,20,21,16,18,19,18,18,25,17,16,23,19,27,24,23,19,16,19,15,15,22,15,10,13,14,13,19,11,12,16,13,7,8,16,12,16,18,17,8,9,13,8,11,10,14,8,7,15,9,8,9,13,13,11,14,7,5,5,9,2,6,4,7,1,1,0,0,0,0,0,1
 # 天王町２丁目,テンノウチョウ2,男,1310,17,14,26,14,7,13,8,9,6,6,5,1,10,3,11,7,10,9,4,2,6,3,12,0,20,10,14,16,22,30,21,31,45,28,38,26,31,31,23,20,17,21,16,16,12,14,24,16,20,20,18,23,12,14,19,11,6,10,14,12,12,23,15,14,22,29,21,33,19,18,16,20,19,11,10,11,17,10,11,8,9,6,5,7,4,2,1,5,0,2,2,0,3,1,0,0,0,0,0,0,0
 # 天王町２丁目,テンノウチョウ2,女,1367,18,21,19,9,8,4,6,6,7,3,10,9,6,7,7,10,3,2,6,6,2,8,5,8,12,15,9,24,32,29,23,39,31,30,21,19,22,25,14,20,17,17,18,23,24,19,15,16,21,13,17,16,16,9,8,13,15,13,16,11,14,19,24,24,27,28,28,25,12,19,24,17,30,14,11,26,10,16,13,16,12,12,11,15,11,6,5,3,6,4,2,2,2,2,2,2,0,0,0,0,1
常盤台,トキワダイ,男,3060,14,27,17,31,25,18,25,21,21,28,22,33,30,43,37,37,38,37,39,57,56,72,88,86,66,41,29,26,27,19,20,42,26,24,28,33,41,33,34,22,47,42,35,42,55,58,64,64,57,52,57,47,51,40,61,53,37,38,30,39,34,27,46,32,34,40,33,29,20,15,26,32,24,21,18,25,15,23,18,20,18,15,18,17,13,8,15,8,12,6,6,4,1,2,1,1,1,0,0,0,0
常盤台,トキワダイ,女,2801,13,15,24,14,20,16,17,19,25,24,22,29,42,21,39,34,44,17,37,41,48,56,49,28,27,23,17,27,19,32,13,22,28,26,37,21,26,31,37,38,34,46,46,48,52,56,46,69,37,48,68,41,59,43,42,38,35,40,23,41,23,23,25,22,33,43,37,29,21,17,29,28,20,25,16,30,27,21,26,30,26,21,12,25,22,19,24,16,10,17,11,7,9,8,6,2,3,1,2,3,2
月見台,ツキミダイ,男,1322,3,15,10,7,5,13,12,5,11,9,7,9,20,13,12,13,6,10,14,6,11,12,5,16,14,13,19,13,15,16,23,20,19,19,20,18,21,24,18,30,21,19,23,24,25,23,22,21,15,18,24,30,23,19,18,14,16,13,17,11,13,14,17,18,27,27,27,22,11,11,15,13,14,10,11,14,10,6,10,12,7,15,9,6,7,4,13,3,7,1,1,2,0,1,2,0,0,0,0,0,0
月見台,ツキミダイ,女,1365,11,7,7,6,8,6,6,7,9,15,5,14,8,9,13,13,15,13,14,10,19,11,16,13,13,18,12,9,18,14,13,17,17,13,9,9,14,19,21,15,28,26,12,21,13,35,27,19,15,24,27,14,19,24,12,21,10,20,18,17,13,15,29,17,26,25,15,29,12,20,14,20,13,15,14,13,13,13,17,12,13,16,13,14,6,9,12,5,7,8,6,3,3,3,2,2,5,2,2,1,0
和田一丁目,ワダ1,男,942,4,11,6,5,8,8,8,7,6,7,4,3,9,8,7,7,10,4,11,9,16,16,25,22,10,15,13,20,17,11,12,11,14,11,5,20,16,11,10,10,16,18,17,18,17,10,11,14,11,18,18,11,11,11,10,12,17,14,11,10,11,12,16,14,9,12,9,16,8,6,13,11,13,6,8,5,11,6,10,7,3,3,10,4,5,3,3,1,1,4,0,0,0,0,0,0,0,0,0,0,0
和田一丁目,ワダ1,女,1026,8,4,6,7,5,6,5,7,8,6,6,4,4,6,7,6,5,5,9,18,9,16,22,21,20,14,15,16,13,13,13,14,14,17,16,15,15,13,12,18,15,12,15,20,11,14,18,17,7,13,10,11,15,15,9,11,16,8,13,9,8,13,7,17,12,16,16,14,5,9,10,9,17,18,18,6,10,10,10,13,13,7,8,14,6,4,4,8,2,10,2,4,0,3,4,2,0,0,0,0,0
和田二丁目,ワダ2,男,955,6,6,7,5,8,5,3,4,3,3,8,6,7,11,6,8,14,11,12,7,18,24,26,25,20,13,18,20,14,14,14,6,6,14,7,11,5,6,6,14,8,8,11,9,16,13,16,12,9,21,14,16,17,13,19,17,24,17,14,16,10,9,18,6,14,15,13,13,14,5,10,7,6,7,7,7,6,9,7,8,7,5,6,9,6,3,3,5,1,3,2,0,2,0,0,1,0,0,0,0,0
和田二丁目,ワダ2,女,962,7,4,3,6,4,7,10,4,5,2,2,2,6,6,6,8,12,11,15,22,13,7,16,19,11,8,9,8,7,11,11,11,11,8,14,13,5,7,9,10,8,12,15,14,14,14,19,23,6,12,15,16,23,14,10,12,13,12,9,7,12,9,12,7,6,19,13,16,13,4,8,6,12,14,15,14,16,8,12,12,9,11,10,13,11,12,9,3,12,5,4,9,1,2,2,0,1,0,1,0,1
#はうち数を表しています。なお、住民基本台帳において字にあたる丁が記載されていないものは表示していません。このため、町の人口とうち数の合計が一致しない場合があります。,,,,,,,,,,,,,,,,,,,,,,,,,,,,,,,,,,,,,,,,,,,,,,,,,,,,,,,,,,,,,,,,,,,,,,,,,,,,,,,,,,,,,,,,,,,,,,,,,,,,,,,,
